0 0.438281 0.284375 0.045312 0.072917
0 0.515625 0.128125 0.040625 0.052083
0 0.507031 0.091667 0.039062 0.054167
0 0.560156 0.058333 0.035937 0.058333
0 0.641406 0.255208 0.042188 0.060417
0 0.328125 0.347917 0.05625 0.066667
0 0.348438 0.263542 0.04375 0.060417
0 0.366406 0.321875 0.032813 0.047917
0 0.603906 0.375 0.039062 0.05
0 0.601562 0.3375 0.040625 0.054167
0 0.769531 0.302083 0.039062 0.0625
0 0.725781 0.428125 0.042188 0.064583
0 0.564844 0.469792 0.048438 0.060417
0 0.759375 0.923958 0.04375 0.060417
0 0.657813 0.964583 0.034375 0.05
0 0.61875 0.958333 0.034375 0.066667
0 0.625 0.90625 0.0375 0.0625
0 0.596094 0.913542 0.042188 0.064583
0 0.569531 0.903125 0.039062 0.05625
0 0.497656 0.983333 0.039062 0.054167
0 0.466406 0.965625 0.035937 0.052083
0 0.489063 0.915625 0.04375 0.060417
0 0.535156 0.909375 0.035937 0.05625
0 0.530469 0.8625 0.042188 0.058333
0 0.376563 0.895833 0.04375 0.0625
0 0.255469 0.975 0.048438 0.0625
0 0.502344 0.84375 0.035937 0.05
0 0.396094 0.81875 0.039062 0.054167
0 0.313281 0.901042 0.039062 0.060417
0 0.30625 0.823958 0.0375 0.052083
0 0.364844 0.764583 0.045312 0.058333
0 0.436719 0.788542 0.042188 0.05625
0 0.799219 0.847917 0.035937 0.05
0 0.764844 0.796875 0.042188 0.047917
0 0.747656 0.75625 0.039062 0.0625
0 0.754687 0.710417 0.040625 0.058333
0 0.504687 0.798958 0.040625 0.052083
0 0.54375 0.775 0.040625 0.058333
0 0.570312 0.75 0.0375 0.070833
0 0.650781 0.755208 0.035937 0.05625
0 0.627344 0.70625 0.042188 0.058333
0 0.634375 0.661458 0.0375 0.060417
0 0.775781 0.646875 0.042188 0.052083
0 0.65625 0.588542 0.040625 0.060417
0 0.734375 0.635417 0.040625 0.0625
0 0.621875 0.545833 0.046875 0.058333
0 0.649219 0.520833 0.039062 0.0625
0 0.842187 0.439583 0.040625 0.054167
0 0.828125 0.395833 0.04375 0.0625
0 0.84375 0.25625 0.04375 0.0625
0 0.532031 0.713542 0.039062 0.052083
0 0.564063 0.651042 0.05 0.06875
0 0.484375 0.752083 0.0375 0.070833
0 0.454688 0.753125 0.040625 0.05625
0 0.429688 0.742708 0.0375 0.064583
0 0.385156 0.727083 0.039062 0.054167
0 0.36875 0.696875 0.040625 0.05625
0 0.467187 0.703125 0.046875 0.064583
0 0.509375 0.58125 0.040625 0.066667
0 0.348438 0.611458 0.046875 0.060417
0 0.424219 0.551042 0.045312 0.064583
0 0.470313 0.473958 0.034375 0.05625
0 0.440625 0.459375 0.05 0.060417
0 0.39375 0.495833 0.0375 0.058333
0 0.304688 0.523958 0.046875 0.064583
0 0.321875 0.480208 0.040625 0.060417
0 0.224219 0.46875 0.039062 0.058333
0 0.228906 0.316667 0.045312 0.0625
0 0.232813 0.271875 0.040625 0.060417
0 0.844531 0.092708 0.039062 0.064583
0 0.811719 0.094792 0.039062 0.05625
0 0.807813 0.057292 0.046875 0.05625
0 0.273438 0.060417 0.053125 0.079167
0 0.227344 0.052083 0.045312 0.054167
0 0.211719 0.832292 0.048438 0.064583
0 0.861719 0.55625 0.042188 0.066667
0 0.963281 0.614583 0.042188 0.0625
0 0.965625 0.408333 0.0375 0.058333
0 0.875781 0.39375 0.051562 0.058333
0 0.9875 0.303125 0.034375 0.05625
0 0.910937 0.355208 0.04375 0.060417
0 0.905469 0.303125 0.039062 0.060417
0 0.909375 0.088542 0.04375 0.060417
0 0.899219 0.034375 0.039062 0.064583
0 0.152344 0.938542 0.039062 0.06875
0 0.127344 0.94375 0.032813 0.054167
0 0.121094 0.891667 0.032813 0.05
0 0.078125 0.90625 0.0375 0.054167
0 0.022656 0.889583 0.042188 0.0625
0 0.222656 0.775 0.042188 0.075
0 0.222656 0.722917 0.035937 0.054167
0 0.124219 0.74375 0.039062 0.054167
0 0.092188 0.719792 0.03125 0.047917
0 0.08125 0.682292 0.04375 0.060417
0 0.042969 0.663542 0.042188 0.060417
0 0.088281 0.628125 0.045312 0.060417
0 0.099219 0.572917 0.042188 0.058333
0 0.153906 0.530208 0.048438 0.05625
0 0.053125 0.395833 0.0375 0.058333
0 0.025 0.395833 0.04375 0.0625
0 0.067187 0.33125 0.0375 0.058333
0 0.177344 0.290625 0.039062 0.05625
0 0.196875 0.228125 0.034375 0.05625
0 0.105469 0.21875 0.045312 0.066667
0 0.04375 0.239583 0.04375 0.058333
0 0.428906 0.360417 0.039062 0.054167
0 0.042188 0.189583 0.04375 0.0625
0 0.1875 0.152083 0.040625 0.0625
0 0.165625 0.191667 0.034375 0.05
0 0.135937 0.153125 0.034375 0.064583
0 0.158594 0.144792 0.035937 0.05625
0 0.160938 0.1 0.03125 0.045833
0 0.086719 0.070833 0.045312 0.0625
0 0.120313 0.039583 0.04375 0.070833
0 0.192969 0.6125 0.032813 0.054167
0 0.105469 0.522917 0.032813 0.054167
0 0.055469 0.616667 0.035937 0.054167
0 0.025781 0.626042 0.039062 0.05625
0 0.8375 0.710417 0.034375 0.045833
0 0.846875 0.682292 0.0375 0.047917
