0 0.013021 0.87066 0.026042 0.057292
0 0.014974 0.787326 0.029948 0.050347
0 0.035807 0.730903 0.040365 0.045139
0 0.055339 0.727431 0.032552 0.048611
0 0.05599 0.556424 0.039062 0.046875
0 0.533203 0.775174 0.032552 0.046875
0 0.577474 0.762153 0.03776 0.048611
0 0.570964 0.740451 0.03776 0.043403
0 0.604818 0.772569 0.040365 0.055556
0 0.638672 0.809028 0.040365 0.055556
0 0.561198 0.777778 0.039062 0.045139
0 0.688802 0.590278 0.036458 0.048611
0 0.723307 0.52691 0.032552 0.050347
0 0.72526 0.43316 0.03125 0.046875
0 0.703125 0.37934 0.036458 0.046875
0 0.721354 0.401042 0.033854 0.048611
0 0.786458 0.790799 0.033854 0.046875
0 0.815755 0.736111 0.035156 0.045139
0 0.841146 0.736111 0.033854 0.048611
0 0.841797 0.702257 0.032552 0.043403
0 0.848958 0.673611 0.041667 0.045139
0 0.876302 0.411458 0.036458 0.048611
0 0.792318 0.394097 0.053385 0.055556
0 0.818359 0.374132 0.032552 0.057292
0 0.827474 0.396701 0.035156 0.046875
0 0.852865 0.372396 0.036458 0.046875
0 0.871745 0.355903 0.040365 0.048611
0 0.809245 0.328125 0.035156 0.052083
0 0.777344 0.360243 0.036458 0.046875
0 0.832682 0.212674 0.032552 0.053819
0 0.674479 0.200521 0.033854 0.050347
0 0.611979 0.029514 0.036458 0.045139
0 0.595052 0.018229 0.036458 0.036458
0 0.35612 0.061632 0.035156 0.050347
0 0.285807 0.102431 0.045573 0.048611
0 0.016276 0.087674 0.032552 0.046875
0 0.031901 0.104167 0.032552 0.052083
0 0.033854 0.072917 0.03125 0.038194
