0 0.031901 0.946181 0.035156 0.052083
0 0.020833 0.916667 0.033854 0.041667
0 0.173177 0.972222 0.03125 0.045139
0 0.083984 0.803819 0.035156 0.048611
0 0.167318 0.890625 0.035156 0.048611
0 0.151042 0.782986 0.036458 0.052083
0 0.130859 0.791667 0.029948 0.048611
0 0.1875 0.872396 0.03125 0.046875
0 0.192057 0.847222 0.035156 0.038194
0 0.10026 0.715278 0.039062 0.052083
0 0.072266 0.666667 0.035156 0.045139
0 0.021484 0.679688 0.035156 0.046875
0 0.048177 0.651042 0.033854 0.045139
0 0.031901 0.498264 0.035156 0.048611
0 0.276042 0.490451 0.036458 0.043403
0 0.425781 0.637153 0.039062 0.041667
0 0.492839 0.466146 0.040365 0.043403
0 0.532552 0.475694 0.033854 0.052083
0 0.566406 0.952257 0.036458 0.050347
0 0.633464 0.922743 0.035156 0.050347
0 0.66276 0.938368 0.036458 0.046875
0 0.682292 0.789062 0.03125 0.039931
0 0.683594 0.756944 0.036458 0.055556
0 0.501302 0.686632 0.039062 0.043403
0 0.427734 0.609375 0.03776 0.041667
0 0.452474 0.597222 0.035156 0.048611
0 0.473958 0.59375 0.03125 0.048611
0 0.568359 0.675347 0.042969 0.045139
0 0.567057 0.62066 0.03776 0.046875
0 0.529948 0.646701 0.039062 0.046875
0 0.556641 0.489583 0.03776 0.048611
0 0.578776 0.534722 0.032552 0.045139
0 0.60612 0.506944 0.035156 0.048611
0 0.626953 0.510417 0.035156 0.048611
0 0.507161 0.619792 0.035156 0.045139
0 0.608724 0.650174 0.040365 0.043403
0 0.647135 0.65191 0.036458 0.046875
0 0.6875 0.611111 0.036458 0.048611
0 0.64974 0.592882 0.039062 0.053819
0 0.568359 0.596354 0.035156 0.036458
0 0.572917 0.978299 0.036458 0.039931
0 0.634766 0.480035 0.03776 0.046875
0 0.663411 0.467014 0.035156 0.048611
0 0.692057 0.501736 0.03776 0.041667
0 0.709635 0.601562 0.036458 0.053819
0 0.738281 0.625868 0.036458 0.050347
0 0.577474 0.373264 0.035156 0.052083
0 0.567057 0.348958 0.03776 0.045139
0 0.575521 0.300347 0.036458 0.048611
0 0.522135 0.305556 0.036458 0.045139
0 0.669271 0.325521 0.039062 0.043403
0 0.641276 0.294271 0.042969 0.046875
0 0.821615 0.597222 0.036458 0.045139
0 0.846354 0.584201 0.036458 0.050347
0 0.804688 0.570312 0.033854 0.046875
0 0.897135 0.549479 0.03125 0.043403
0 0.911458 0.496528 0.036458 0.048611
0 0.825521 0.488715 0.036458 0.043403
0 0.778646 0.473958 0.039062 0.048611
0 0.755208 0.582465 0.039062 0.050347
0 0.660807 0.300347 0.032552 0.041667
0 0.854167 0.471354 0.039062 0.046875
0 0.902344 0.436632 0.03125 0.050347
0 0.934245 0.372396 0.032552 0.046875
0 0.91862 0.384549 0.032552 0.050347
0 0.968099 0.369792 0.032552 0.055556
0 0.975911 0.325521 0.035156 0.053819
0 0.801432 0.061632 0.03776 0.046875
0 0.828776 0.060764 0.035156 0.052083
0 0.880208 0.020833 0.041667 0.041667
0 0.988281 0.049479 0.039062 0.057292
0 0.609375 0.269965 0.036458 0.046875
0 0.650391 0.274306 0.032552 0.038194
0 0.573568 0.221354 0.035156 0.053819
0 0.412109 0.278646 0.03776 0.050347
0 0.548828 0.22309 0.032552 0.050347
0 0.559896 0.202257 0.033854 0.043403
0 0.585938 0.170139 0.033854 0.048611
0 0.607422 0.154514 0.032552 0.048611
0 0.590495 0.138889 0.03776 0.045139
0 0.5625 0.097222 0.033854 0.048611
0 0.602214 0.094618 0.035156 0.046875
0 0.119141 0.255208 0.03776 0.048611
0 0.097005 0.256944 0.035156 0.055556
0 0.069661 0.284722 0.035156 0.048611
0 0.023438 0.273438 0.033854 0.043403
0 0.039062 0.250868 0.039062 0.043403
0 0.049479 0.226562 0.036458 0.046875
0 0.128906 0.132812 0.046875 0.053819
0 0.013672 0.199653 0.027344 0.048611
0 0.135417 0.28125 0.033854 0.045139
0 0.046224 0.279514 0.035156 0.045139
