0 0.188151 0.44184 0.03776 0.053819
0 0.326172 0.427083 0.035156 0.048611
0 0.052734 0.538194 0.032552 0.041667
0 0.077474 0.536458 0.032552 0.038194
0 0.088542 0.55816 0.033854 0.046875
0 0.138021 0.552083 0.033854 0.048611
0 0.101562 0.616319 0.036458 0.045139
0 0.027344 0.59375 0.036458 0.055556
0 0.104818 0.664062 0.03776 0.050347
0 0.139323 0.72309 0.033854 0.053819
0 0.149089 0.769097 0.035156 0.052083
0 0.095703 0.861979 0.032552 0.046875
0 0.126953 0.921007 0.032552 0.046875
0 0.361328 0.925347 0.03776 0.048611
0 0.514974 0.956597 0.032552 0.048611
0 0.539714 0.936632 0.03776 0.043403
0 0.385417 0.546007 0.036458 0.053819
0 0.477865 0.669271 0.036458 0.050347
0 0.339193 0.355035 0.035156 0.043403
0 0.358073 0.356771 0.03125 0.039931
0 0.318359 0.348958 0.029948 0.048611
0 0.639974 0.844618 0.03776 0.043403
0 0.654297 0.723958 0.03776 0.045139
0 0.673177 0.704861 0.039062 0.045139
0 0.716146 0.717882 0.039062 0.046875
0 0.660807 0.848958 0.032552 0.045139
0 0.785156 0.731771 0.041667 0.046875
0 0.863281 0.75434 0.033854 0.039931
0 0.925781 0.749132 0.033854 0.050347
0 0.917318 0.767361 0.03776 0.048611
0 0.897135 0.916667 0.033854 0.041667
0 0.882161 0.94184 0.027344 0.043403
0 0.902344 0.947917 0.03125 0.048611
0 0.921875 0.963542 0.033854 0.038194
0 0.964844 0.961806 0.036458 0.045139
0 0.942057 0.953125 0.035156 0.045139
0 0.903646 0.377604 0.036458 0.053819
0 0.610026 0.155382 0.03776 0.050347
0 0.560547 0.052951 0.03776 0.053819
0 0.655599 0.022569 0.035156 0.045139
0 0.654297 0.054688 0.03776 0.043403
0 0.697917 0.018229 0.039062 0.036458
0 0.817708 0.021701 0.036458 0.043403
0 0.83724 0.167535 0.028646 0.050347
0 0.86263 0.039062 0.032552 0.043403
0 0.958984 0.026042 0.032552 0.052083
0 0.920573 0.057292 0.036458 0.045139
0 0.89388 0.057292 0.035156 0.052083
0 0.48763 0.157986 0.035156 0.045139
0 0.457682 0.171007 0.03776 0.050347
0 0.298828 0.194444 0.032552 0.045139
0 0.277344 0.194444 0.033854 0.045139
0 0.29362 0.22309 0.035156 0.039931
0 0.310547 0.240451 0.040365 0.046875
0 0.019531 0.138889 0.039062 0.041667
0 0.05599 0.241319 0.03125 0.048611
0 0.113932 0.143229 0.035156 0.046875
0 0.16276 0.144965 0.033854 0.046875
0 0.195964 0.172743 0.035156 0.046875
